%eval_id	interface	vel____	theta__	A______	B______	n______	c______	s______	d______	pc_____	uc_____	k1_____	k2_____	k3_____	pl_____	ul_____	obj_fn
1	NO_ID	340.2340603	3.50238214	0.300582298	1.090325362	0.716628975	0.010698152	9.25416937	0.023219415	22354858.97	0.002422669	1192532494	4852533409	9299735859	151414045.5	0.346358354	285.8643
2	NO_ID	372.9510136	3.878287741	0.298631362	1.007228987	0.635170104	0.010223203	6.794604481	0.022195544	8603341.957	0.001658869	1038720657	4544100201	8872642236	144275085.3	0.36750096	328.3928
3	NO_ID	602.6811327	1.056097623	0.327992884	1.051506992	0.654549623	0.011569629	5.052915305	0.019606202	6282440.263	0.002112627	1195286626	5145416752	9116701420	163394529.5	0.358107412	545.7453
4	NO_ID	447.4802019	2.44153283	0.31855766	1.123782457	0.758363397	0.010162772	7.416571867	0.023568348	20093330.26	0.00422704	1191039573	5264218201	8347339314	154481850.2	0.33033273	392.157
5	NO_ID	517.3274097	3.476283045	0.306344521	1.011812456	0.7388486	0.010810638	8.236477627	0.021785711	8724670.881	0.004154188	1203169706	5013589944	8641572895	167108959.1	0.373158601	464.865
6	NO_ID	441.4962936	1.227952999	0.271597759	1.102429868	0.72098341	0.011616588	8.676936819	0.019421659	6577556.525	0.004097266	1078140748	4760240160	8505323529	149496394.7	0.367022515	390.1273
7	NO_ID	688.5804628	3.035877714	0.285524449	0.975774525	0.75663806	0.011422466	6.537737241	0.023245983	12496762.26	0.004536126	1143351529	4753988150	8359887359	157462974.4	0.343386448	627.3053
8	NO_ID	524.809671	0.778743665	0.28779985	1.129835238	0.668747481	0.011769217	7.075033364	0.023312	13937644.42	0.004473293	1053239648	5139838622	7673498663	173609362.1	0.385929497	468.7005
9	NO_ID	355.6523614	5.644835277	0.290309309	1.04732701	0.670752445	0.011198927	5.083669947	0.023557099	11523779.58	0.005626715	1185294237	5005863450	7974834587	165206664.6	0.328988057	308.905
10	NO_ID	477.0065373	0.095188647	0.310157312	0.989165653	0.642452923	0.011592064	9.832530908	0.019552361	8362823.047	0.002798093	1112847377	4831664396	8186578834	153571013.1	0.33525294	424.3893
11	NO_ID	314.5944136	4.765846915	0.311057894	0.965682676	0.72575171	0.010330483	5.63858073	0.02159049	17407976.96	0.004064549	1175862557	4787626551	8944981574	168825128.4	0.395427609	267.0511
12	NO_ID	663.6332719	4.708383429	0.321113516	1.161268482	0.733821902	0.010845799	9.753021513	0.022459688	17846162.6	0.004998819	1142463193	5385736421	9274124075	151897300.3	0.374227709	601.4831
13	NO_ID	546.4110538	3.720708187	0.294600697	1.170988459	0.683338954	0.010667303	9.268161051	0.020862841	15047775.55	0.002386499	1123137819	5157815469	8926240131	152549120.2	0.380893747	490.9567
14	NO_ID	613.5545301	5.219987139	0.278606827	1.075816114	0.646899227	0.009891654	7.203730696	0.022534477	18254936.64	0.004073319	1183216778	5479043545	9133153847	146731747.8	0.330126977	556.0154
15	NO_ID	749.5546018	1.398247281	0.301332589	1.026986551	0.722138008	0.011211685	6.412255993	0.023174491	15680358.82	0.002252123	1073479346	4843748138	7867938928	146409898.8	0.348268424	685.6382
16	NO_ID	557.0532735	0.785843903	0.312854303	1.079264813	0.764694491	0.010358144	6.69227296	0.021661278	12328379.9	0.004334344	1246424623	4738345748	8382384839	155683761.1	0.380178663	498.3087
17	NO_ID	323.2185462	3.679385337	0.276961153	0.991768346	0.694719754	0.011057707	8.727051629	0.021461685	8951841.925	0.001374165	1229071851	4561126978	8477303721	163722727.7	0.361906144	277.334
18	NO_ID	706.2202079	3.120737347	0.289360695	1.103379878	0.650380298	0.011795305	5.750209435	0.02032435	10136005.59	0.002607365	1093511755	5150013214	9108004863	150086270.5	0.374627729	645.8684
19	NO_ID	392.1738516	5.762656156	0.272315689	0.993383588	0.641055346	0.009809018	9.031426365	0.01956677	23340622.15	0.003571088	1228070346	4785085182	7689851277	166068231	0.371806857	344.0393
20	NO_ID	558.9087881	0.486801563	0.2872356	1.006417971	0.680876664	0.009813836	5.48741725	0.022923167	11828214.12	0.004802567	1160867592	4953473307	8884501366	144311831.1	0.324673872	502.1984
21	NO_ID	451.1584356	4.175220108	0.319912347	1.174301579	0.744892819	0.009877893	7.946537424	0.021075185	22155967.16	0.005589207	1262715944	4603992832	8386693530	143918245.6	0.335865774	394.8109
22	NO_ID	454.9968487	2.589312266	0.279026283	1.177413558	0.687244938	0.011145869	5.386013056	0.022496489	19198861.7	0.002664721	1140420391	4878137208	9360890480	154181726.7	0.338627339	399.8726
23	NO_ID	366.9518419	1.719437411	0.31649724	1.032592628	0.666742831	0.011838756	7.67220745	0.02011079	12399022.09	0.004582716	1228951922	4907366201	9306745178	160056428	0.328677948	315.4738
24	NO_ID	320.0089004	1.798567472	0.289727157	1.10264405	0.728810947	0.010249555	5.910198921	0.021909104	11966219.88	0.005938012	1062588001	5328670542	8019105978	148680481.5	0.376738403	268.4696
25	NO_ID	584.815866	5.49800854	0.280347086	1.115567335	0.661506161	0.010942044	8.137744107	0.021704351	8239367.686	0.002560397	1260333704	5108506123	8721177838	161324638.6	0.339418996	528.8972
26	NO_ID	432.4095244	4.618874974	0.26946274	1.092066764	0.657274147	0.011628938	5.325688723	0.021846872	5715501.042	0.001892599	1177647685	5539313996	8856005772	149835773.1	0.326812902	385.9298
27	NO_ID	459.5508403	4.869543839	0.283541981	1.13747565	0.760715827	0.011318497	9.188613076	0.0213016	11065860.02	0.002679043	1049796472	5104481254	8070145675	166574893.7	0.333846094	408.7906
28	NO_ID	462.7815343	3.328491954	0.298869136	1.153960487	0.732946475	0.011651755	9.222160611	0.021435411	22003224.84	0.003014898	1215526727	5114119543	7845417780	162702207.3	0.387569616	406.9971
29	NO_ID	308.3651728	2.295762179	0.27986344	0.998474863	0.691401542	0.010395305	7.115818969	0.021724735	13166377.37	0.005810238	1266296809	5493468990	8654844263	157046255.7	0.386523918	259.241
30	NO_ID	449.4822244	4.816020082	0.297447805	1.00745795	0.697199329	0.010806378	5.881491862	0.019513057	20265100.05	0.002927826	1198777387	5171552117	8246708681	149253005.9	0.368918348	399.2252
31	NO_ID	571.6986082	4.398734145	0.313158898	1.145515768	0.750118323	0.011112115	7.586929151	0.020989726	9889952.829	0.00160591	1256177977	4578555303	9341384506	144457626.3	0.37531357	514.5014
32	NO_ID	681.6210652	2.878529319	0.294516146	0.98902812	0.686610352	0.011521194	5.992217139	0.022300048	22858587.39	0.005546367	1233700270	4996502308	7797100270	159821615	0.353045369	619.2846
33	NO_ID	595.9903415	0.236616494	0.30329452	1.0943171	0.693976524	0.009721515	8.350119662	0.020977556	7175673.343	0.006120721	1265758400	4602460486	9233299474	168519502.3	0.383804718	536.4924
34	NO_ID	583.4810947	5.870737392	0.291866356	0.999939222	0.743649657	0.010740812	5.418203608	0.019540723	5476482.481	0.006006442	1094532926	5233958421	8582406169	163326956.2	0.332980311	529.9819
35	NO_ID	375.1439182	0.1651069	0.305278325	0.980150384	0.67736854	0.009704619	7.266495288	0.019494854	13862997.91	0.002307955	1144971282	5475275474	8127792083	149628165.9	0.353618381	324.6162
36	NO_ID	427.6452482	3.056263414	0.271214362	1.060459568	0.673364647	0.011756861	6.148878308	0.023507891	12831912.61	0.002528577	1240219280	5431610878	8323241368	149112842.4	0.340339221	378.2611
37	NO_ID	492.9713989	5.574151227	0.288327236	1.019007444	0.661056922	0.010902387	6.369960737	0.023384969	10547765.28	0.001996569	1172388141	4855819389	7916073399	145255730.8	0.370387731	443.4333
38	NO_ID	691.5704682	4.155190392	0.29354812	1.01030816	0.642605825	0.01155164	8.426398498	0.022719139	20106607.96	0.001716938	1107482983	4607679879	9262992326	158439307.7	0.388603826	629.5965
39	NO_ID	377.3828174	4.287015898	0.301057965	1.089013654	0.656754094	0.010433141	8.716809709	0.020713864	10352605.15	0.005522972	1171727255	5438844144	8093991062	171762770	0.391859601	330.2049
40	NO_ID	606.7614267	3.978382752	0.29640524	1.1114436	0.738169469	0.009761126	8.25216616	0.023479269	4749433.534	0.004196767	1080530116	5299678759	7999296452	160291265.4	0.388399794	553.0993
41	NO_ID	676.4341443	5.046485379	0.278507592	1.145399709	0.6377809	0.009968364	7.026136593	0.021456368	6918941.057	0.003540083	1237484743	5386878686	9229412700	167453991.8	0.356241268	616.8432
42	NO_ID	611.0678497	2.367483062	0.269865258	1.113719896	0.721436437	0.011235118	5.10700285	0.020089797	14146898.69	0.003454234	1086349162	4747068397	8606150856	171674239.8	0.32488784	551.5254
43	NO_ID	403.6062915	0.669559726	0.316914026	1.17514426	0.692167112	0.010582136	7.336430146	0.021353875	19250515.5	0.002762987	1236805163	4956812253	8990445796	172884661.7	0.371659389	345.3587
44	NO_ID	470.9973794	4.091717455	0.285730006	1.098582845	0.675422191	0.010091489	7.087863852	0.022913571	16896929.5	0.002751036	1106784566	4947968538	7668111763	144926934.1	0.347162075	419.5607
45	NO_ID	423.1128199	0.933900457	0.327264936	1.116285311	0.635792886	0.011538001	6.167360725	0.019488521	14717247.06	0.00286795	1129203055	5024818627	8774489765	160922211	0.344347615	369.2748
47	NO_ID	444.1364302	0.348200238	0.328577282	1.159783518	0.735064143	0.010112565	9.303753625	0.023128268	21681425.48	0.003751981	1178758029	5360409044	8223952877	156441232.8	0.342821749	385.348
48	NO_ID	566.951107	5.706118747	0.27392156	1.149057528	0.709353681	0.011658623	7.210363424	0.020190768	9663595.183	0.001785248	1042995342	5250979398	8982795500	165770735.7	0.337472944	511.8022
49	NO_ID	702.013765	3.390213804	0.309899224	1.099653195	0.765372589	0.009847409	9.353417384	0.021948573	17826925.54	0.005157425	1039315195	4586693597	9040085088	161451449.8	0.348809919	637.2364
50	NO_ID	533.2957324	1.994440855	0.323450448	1.063952598	0.664838601	0.010547304	9.847809627	0.020252294	4678236.563	0.005471885	1108599012	5091852170	8081566504	166333687.5	0.342125205	481.2762
51	NO_ID	641.7075782	2.170556554	0.284402373	1.03457139	0.761241515	0.011582118	9.589818587	0.023657349	15360287.22	0.0029979	1205205976	4748712710	8634723265	146197719.7	0.379926538	581.0176
52	NO_ID	473.3662473	4.319706871	0.295046213	1.048743015	0.754752676	0.010198553	9.453611873	0.020169357	10095136.3	0.001417232	1082504370	4861499180	8170288751	147358502.6	0.333674442	423.4324
53	NO_ID	631.0790848	1.814673628	0.291445127	1.114880332	0.651282524	0.010211102	8.560922882	0.020886875	22997731.71	0.005946537	1254858720	4557646586	8795613347	158288995.8	0.381225011	569.2611
54	NO_ID	686.7546706	4.789107714	0.302981907	1.164309795	0.662897411	0.010295185	9.047102416	0.019938737	17762134.04	0.003391501	1113614425	4756271459	8311894092	147701536.8	0.334422822	624.2059
55	NO_ID	629.706319	4.342930907	0.310829043	0.997445294	0.680219451	0.011127491	8.016086911	0.021596684	6224716.318	0.002892702	1075616127	5396246444	9041158140	150421039.2	0.346791819	575.1031
56	NO_ID	577.7039731	4.674786117	0.3278403	1.002640312	0.676912397	0.010772419	8.123113117	0.020672509	11934670.25	0.001592915	1259179579	4699150419	9236798344	144856826	0.373929702	522.7775
57	NO_ID	665.7626823	1.383149753	0.278294614	1.172068857	0.73461908	0.01124646	5.862282979	0.020628964	17198415.41	0.00122827	1219688044	4613512939	7775731701	151589015.8	0.336513218	601.5127
58	NO_ID	386.4684412	2.918702004	0.307577159	1.152318686	0.724764336	0.009929386	8.862270491	0.021159021	23109400.95	0.006048914	1066531171	5302973293	8178468413	172489395.5	0.344613042	330.9971
59	NO_ID	605.6244779	5.360680662	0.312235345	1.086320789	0.638893722	0.010168578	5.949511681	0.019585853	6491656.141	0.002335781	1222720640	4919140924	7886958808	147156493.8	0.388703696	551.2683
60	NO_ID	646.8042766	5.96242096	0.305533437	1.050828736	0.696791316	0.010766442	8.322924545	0.01969293	19564413.51	0.001680947	1154737540	5340635816	8367872443	171968891.1	0.36421768	585.5612
61	NO_ID	700.5823167	5.060515568	0.306062249	0.986888774	0.711339727	0.010673014	7.393085581	0.021542893	12621175	0.004125354	1161325838	4555481376	8867731322	143505818	0.366641313	639.5299
62	NO_ID	472.7209537	3.591143241	0.326618861	1.031541119	0.756722725	0.01072061	8.756988571	0.020065469	21709555.45	0.00294587	1051354172	4858104336	8405596290	142766596.7	0.369296369	419.2461
63	NO_ID	530.7438206	2.174942121	0.301434605	1.134692378	0.748568017	0.011477513	9.67749298	0.020212541	20701257.66	0.001834687	1170263784	5376949345	9026776741	154924816.8	0.385839998	470.9707
64	NO_ID	435.8330987	3.241241177	0.327565984	1.052735118	0.732160963	0.011373	6.206612339	0.020280284	16094991.11	0.004710893	1042615003	5270031289	7896940288	160366647	0.390669038	385.0248
65	NO_ID	489.4224116	3.840824924	0.311483361	0.969386944	0.727843107	0.01141564	6.296258807	0.01945564	16299485.04	0.003342054	1131366065	5236649839	9283617519	167008319.2	0.350445317	437.5442
66	NO_ID	511.5215254	3.259673181	0.32077024	1.129246469	0.710983323	0.011732446	6.635190271	0.022839344	13065517.92	0.001898784	1218061571	4936690725	8546218896	155899496	0.377349556	456.9406
67	NO_ID	421.0962928	3.127305143	0.286903993	1.011353315	0.699033113	0.010727482	7.43629325	0.022406242	21479317.56	0.00272637	1095559795	4765370096	7679230409	153098732.2	0.360106083	370.2165
68	NO_ID	624.7268494	0.542560079	0.286727364	1.023104132	0.746148853	0.00971401	7.715582599	0.01985808	21215882.41	0.004434158	1164770384	5241848144	8802953442	145487610.1	0.341713974	562.8999
69	NO_ID	679.4497421	3.98463838	0.294026877	1.089069627	0.688312058	0.010997611	6.455257202	0.021205727	10648176.18	0.005213182	1071113502	5207525686	8677747607	170318306.4	0.344843851	619.5497
70	NO_ID	657.2001302	3.645412336	0.328313402	1.035470637	0.712930498	0.011298749	6.496148604	0.020541617	20175182	0.001863173	1096907902	5183443062	8838978811	144125695.8	0.332039548	595.6755
71	NO_ID	592.0271915	5.311429812	0.31576722	1.161832653	0.748833457	0.010837417	7.922835852	0.021866316	7761722.91	0.00331407	1253874278	5354502306	8939210316	160831820.7	0.363185541	534.9845
72	NO_ID	600.8908126	4.202296557	0.31214929	1.082827477	0.636403391	0.011638565	5.028773983	0.019374196	18618333.03	0.002136974	1166245658	5082902385	7927631270	142963571.7	0.375118439	543.964
73	NO_ID	381.047686	0.395223657	0.282839905	1.008961693	0.714684321	0.011379529	7.622963671	0.021265065	7903171.768	0.00588729	1041121121	4730345343	8263912058	148858866.6	0.385417297	331.367
75	NO_ID	313.7107946	0.708982494	0.322808403	1.008766985	0.672708891	0.011436786	6.275063215	0.019616195	12211090.71	0.002724999	1232008066	5325500939	9243349121	171157383.9	0.335776116	259.8585
76	NO_ID	735.3429211	4.404668036	0.319741559	1.023057137	0.752409016	0.011196581	6.02479791	0.023342535	9034983.603	0.001551106	1241948865	5487207270	9050429154	170719430.8	0.384613646	673.2188
77	NO_ID	655.6761114	5.624249451	0.292528779	1.095013686	0.753826806	0.009831687	7.511804694	0.021094571	21113824.79	0.003882962	1065497766	4594695633	9179942126	158222020.3	0.344255705	592.5438
78	NO_ID	717.4013783	5.150081499	0.277127758	1.07431058	0.665718991	0.010969657	7.409943481	0.019910021	10782455.57	0.005530801	1206076290	4938355639	7877254801	167546356.9	0.33615923	655.2182
79	NO_ID	592.9604047	1.282587608	0.31482202	1.166549838	0.733461705	0.010607032	7.63804781	0.022401073	6632725.296	0.004272097	1054260621	5466743598	7860129659	145031111.1	0.376940821	538.3107
80	NO_ID	367.7804989	0.195509724	0.324110627	0.973391521	0.751903559	0.010709549	8.04402907	0.0221023	21555394.58	0.002065615	1087213944	4670689314	8355085593	154041120.6	0.339042454	312.9254
81	NO_ID	555.609601	5.686303369	0.305612912	1.143636618	0.696304532	0.011040248	5.7654976	0.021316224	22791228.62	0.002258361	1195890734	5534210127	8848754199	148802749	0.360682019	497.1829
82	NO_ID	501.0465621	3.778202317	0.29394498	1.0964911	0.752961104	0.011813332	8.388495011	0.021144817	23184327.69	0.005863712	1123729847	4999084028	8294060718	172634962.8	0.377135042	444.6098
83	NO_ID	668.4348237	1.111958953	0.276162282	1.013489827	0.663982376	0.011428173	6.994809549	0.021886766	18681247.49	0.004625597	1043689866	5490360930	8664773636	142900358.4	0.390761304	609.2685
85	NO_ID	722.4707923	1.928280325	0.319094168	1.055029449	0.632654414	0.011366863	7.45800735	0.022267212	23167803.73	0.001484506	1238131111	5067800473	8243331375	157576565.2	0.327302264	657.014
86	NO_ID	343.7104771	1.276012642	0.300376612	1.148455851	0.631468013	0.011464714	7.066444958	0.020495789	12157023.58	0.004701783	1246764148	4982766689	9147223805	168433454.7	0.386719729	288.9736
87	NO_ID	609.5409791	1.135463092	0.29100656	1.114223943	0.627448799	0.010215094	8.967499391	0.021735834	8493159.876	0.00356532	1091052910	4847894385	9326396783	163576054.8	0.324428176	551.0997
88	NO_ID	570.2186118	1.761197138	0.276474487	1.039958411	0.636190079	0.010022002	9.322377173	0.021997681	9231697.282	0.004743713	1197062111	5407736360	8284584321	162921469.9	0.350030532	515.819
89	NO_ID	318.5375349	0.800379855	0.325874192	1.028782008	0.712238174	0.011073903	8.523368962	0.022472948	12863926.44	0.003492216	1239590124	5206172064	8635313916	161182685.9	0.382453535	264.4462
90	NO_ID	699.2856592	4.229885132	0.283233836	0.98135693	0.685054939	0.01075108	7.007272113	0.023578583	17685573.05	0.001490755	1151847122	4775575945	8466850454	158985430.6	0.342539858	636.55
91	NO_ID	400.7788609	2.873064277	0.274307679	1.001898141	0.693114966	0.011028925	8.839443929	0.019785376	6055797.717	0.004484436	1121658666	5061527842	8803476293	145995647.5	0.354214695	354.7208
92	NO_ID	413.3933835	2.433514022	0.290645296	1.139878903	0.698411408	0.009876373	6.404565616	0.019842405	15797158.24	0.004832961	1244929749	5287965927	8523172593	145194042.7	0.359584669	360.8146
94	NO_ID	310.8700509	1.778918985	0.281984707	1.027222398	0.658120015	0.01030419	9.782119199	0.02338549	14060008.21	0.001316257	1213594458	5088039720	8560109952	164427230.1	0.355053734	259.0816
95	NO_ID	728.4156968	4.973775555	0.271858817	1.155671897	0.702512185	0.011121535	7.228676725	0.021058534	19405546.71	0.003127592	1248298646	4982036430	8047745304	145717665.9	0.381794852	663.1923
96	NO_ID	733.9340792	1.334931436	0.275126316	1.062014596	0.659885225	0.010988281	8.459024672	0.020558541	22932145.69	0.005577565	1059196830	4696738197	9083013635	154744442.6	0.378173996	668.7303
97	NO_ID	482.6381747	2.689139993	0.296668145	1.11695274	0.727015008	0.01075716	9.726237397	0.02122329	6089495.363	0.004356876	1088596960	5341863471	8901408976	165961212.8	0.332280808	431.086
98	NO_ID	641.3465512	3.748535125	0.317529442	1.16759082	0.741850144	0.011179932	7.760770899	0.02343327	4941879.423	0.002785308	1105460095	5252514053	8161424137	151803683.9	0.389828397	584.4093
99	NO_ID	393.2299601	5.123078156	0.327664994	1.119436981	0.627955482	0.010514338	5.659404751	0.021249514	17067196.9	0.001757452	1090765391	4707299300	8414386458	165490963.9	0.360326222	343.206
100	NO_ID	623.0343066	3.791195146	0.323340722	1.040555854	0.763255981	0.010869164	8.829445889	0.023118772	7333162.617	0.003984633	1159618075	4653815289	9261292199	163213668.6	0.394345831	565.2207
101	NO_ID	315.9163774	3.909119884	0.314326337	1.00456361	0.66987143	0.010858683	7.485602913	0.023038495	14990239.17	0.003132089	1119937625	5184742753	8455674717	145313314.3	0.35331094	267.7282
102	NO_ID	746.838189	1.711594683	0.275314363	1.126621328	0.763698234	0.011075741	6.829573152	0.021636957	21277746.33	0.004769768	1243415569	4623113437	8123401417	142499478.5	0.352376067	678.8203
103	NO_ID	540.8166305	2.323081016	0.282677535	0.984932345	0.645002357	0.009934433	5.72603548	0.023222611	11454220.34	0.003269127	1163898951	5191300302	7731211911	166454374.7	0.34688921	488.0178
104	NO_ID	488.1414015	0.956094242	0.319543578	1.131161672	0.697870809	0.01026215	8.103349755	0.022880368	16427178.18	0.003954448	1222091976	4987393776	8694124855	149811985.2	0.336975654	431.3219
105	NO_ID	548.2667902	2.954761763	0.306751749	1.083500481	0.737697834	0.010182884	7.910223417	0.021565562	8672979.361	0.00561077	1250726156	4951250601	8304678592	158486465.6	0.352559727	493.1629
106	NO_ID	356.8729459	0.439826868	0.295115719	1.079731742	0.75850531	0.010780467	7.317014713	0.02257187	19308813.85	0.002205245	1221502955	4577220760	8445207711	147767131.9	0.341526449	299.242
107	NO_ID	385.6073617	1.62344278	0.298275175	1.054459745	0.707360593	0.011161022	5.188929345	0.020269079	7212047.626	0.005323796	1146061022	4942801330	7981717500	159146559.3	0.334046501	336.1941
108	NO_ID	574.2395423	3.370507973	0.32231219	0.994036457	0.647475085	0.010828013	7.180514313	0.023015707	12575274.84	0.003103598	1252021781	5429646405	7818901208	167303333.5	0.374721333	520.2721
109	NO_ID	341.9882374	2.905315664	0.277995486	1.100415527	0.689950235	0.010117936	9.013882871	0.020546924	14817083.74	0.006013277	1214888330	5243007313	8232884914	155767041.4	0.36673678	290.9793
110	NO_ID	645.0878121	0.377286647	0.285050743	0.981846545	0.731871392	0.010347465	5.514157714	0.022876152	13276149.47	0.00392891	1180420928	5416907929	9207487482	159342549.9	0.394109704	584.8982
111	NO_ID	322.4263146	2.191565827	0.305751187	0.965187156	0.703076778	0.009751757	5.692001495	0.022973235	6760056.545	0.004313147	1247582919	4805475886	8686238023	153743555.2	0.357932815	276.1412
112	NO_ID	520.8779469	1.569633509	0.288739249	1.171393934	0.759751409	0.010156395	5.138067727	0.022519927	5595088.462	0.005307467	1135487061	5152659567	8095238272	159231032.5	0.340877751	466.3552
113	NO_ID	688.049385	5.091798575	0.326283312	1.045834129	0.649318881	0.009905292	9.235197326	0.022601308	7073122.498	0.005634947	1196689195	5350617719	8882391882	171488942.8	0.36484067	629.1198
114	NO_ID	345.727123	3.76369806	0.273437536	1.117883507	0.628877598	0.010322196	7.998949876	0.020506464	14423822.97	0.004451307	1104311305	4720035823	9121861363	162864934.2	0.325173244	294.9526
115	NO_ID	421.6267874	2.604516398	0.320314522	1.061034416	0.705455854	0.011505187	7.702515102	0.020575162	12489721.18	0.005845002	1092621223	4702646248	8873763272	152428439.2	0.385510023	370.7181
116	NO_ID	351.4916572	5.958937695	0.297776488	1.150948102	0.670257087	0.011336316	5.665525167	0.023638446	18993798.97	0.005040343	1202260090	5347474551	8085946388	151123806.7	0.344023829	300.0323
117	NO_ID	446.232648	3.191759409	0.293092261	1.029697155	0.657925693	0.010387146	5.598324356	0.021325619	11604208.08	0.00217174	1079336438	4827299634	7835390198	169368966.3	0.382634922	397.4028
118	NO_ID	453.0374024	0.579146925	0.283998684	1.095471684	0.678363531	0.00973401	6.223718892	0.022860962	5209907.205	0.002048115	1045981340	4912927871	9064157860	142389873.5	0.334503428	401.8608
119	NO_ID	587.3384655	4.894761523	0.312608822	1.155629469	0.682955963	0.010687635	7.539470436	0.020142375	7477606.358	0.00439041	1223438840	4778863392	7807663489	150545874.5	0.351017804	531.2649
120	NO_ID	528.6407631	4.445028139	0.323780163	1.133289986	0.6630735	0.011261452	7.553860827	0.023400084	17258233.08	0.002811779	1131940635	5131133359	7790088000	153147836.7	0.34919171	473.7823
121	NO_ID	495.1389523	0.824994382	0.297306628	0.966191752	0.754217611	0.010954162	8.771573341	0.02111042	22541831.16	0.00238044	1153722212	5322004579	7935443383	155347888.3	0.377982588	439.2469
122	NO_ID	412.3568644	2.551503923	0.302344841	0.978748519	0.682696444	0.011566128	9.374125421	0.021717367	22504340.72	0.001279818	1227556501	4792544594	8150211812	158138370	0.345015139	360.8377
123	NO_ID	391.1932239	3.150548767	0.303966221	1.085697205	0.71410127	0.011345535	8.303104108	0.020126833	18005858.44	0.005300065	1138090462	5395151427	8765881292	142607947.4	0.335486775	339.5559
124	NO_ID	357.7659238	2.560688972	0.275461865	0.990373496	0.748107715	0.010062431	7.794275924	0.02150744	14527420.66	0.002283937	1064316439	5497577329	7990028772	157261364.7	0.369465258	310.3423
125	NO_ID	582.2076813	3.931557254	0.288904746	1.069203517	0.639345689	0.009944944	8.87237402	0.023358969	20830652.86	0.005733351	1148028564	5527661653	9095942863	161045800.4	0.362538218	525.458
126	NO_ID	725.0933491	2.488391637	0.299075342	0.996744376	0.687718007	0.010292349	6.769163955	0.023591201	7936445.728	0.004301292	1136018925	4685107244	8449386506	173048800.4	0.35896987	663.2837
127	NO_ID	697.5543383	1.849966246	0.298057458	1.151912809	0.751381051	0.011332719	8.488050099	0.022961008	6504678.094	0.004887323	1191407558	4816236295	7824476111	159651161.3	0.338267481	635.0191
128	NO_ID	523.3766434	2.327701169	0.299606229	1.064961362	0.712674021	0.010513196	8.884394539	0.020343357	10228368.85	0.002354275	1145393077	4628288167	8833076883	173271929.8	0.368148633	469.0564
129	NO_ID	649.646886	3.815379141	0.299714827	1.057060617	0.665139874	0.011228144	6.060781029	0.020768677	6152243.549	0.003863638	1189097520	5102720799	8428060080	148079356.9	0.371267057	593.0713
130	NO_ID	358.5986068	0.877982488	0.288003058	1.134022295	0.720004802	0.011489427	6.887806398	0.022637067	7268943.973	0.00597437	1204259572	4969854571	8074908002	164056621.5	0.329873833	305.7778
131	NO_ID	365.6357198	5.922072809	0.293774759	1.022097426	0.708120236	0.011401673	9.172178591	0.021021607	16630834.29	0.002450561	1056150024	5247014757	7879896409	172189970.6	0.352183228	318.4889
132	NO_ID	485.3334873	4.644456703	0.290873855	0.996014984	0.65075455	0.011209673	6.585665355	0.020006766	10367767.54	0.003481879	1136514361	4597983425	9012018736	144806539.8	0.357338349	435.6966
133	NO_ID	731.6210752	5.815690513	0.284853505	1.141224083	0.736241512	0.010735671	5.046577863	0.022701159	21582842.71	0.002638878	1200642559	5524254345	8672892492	156934089.8	0.38796214	667.5681
134	NO_ID	621.6363748	2.094253826	0.313705817	0.983632933	0.719803671	0.009819811	8.494255575	0.023323236	8291596.955	0.003098266	1201453738	5032580003	8215350355	151456079.6	0.363330911	565.3127
135	NO_ID	748.2680838	1.97263149	0.308176972	1.135587597	0.650040986	0.010314863	8.398690445	0.020288476	9973855.469	0.003767339	1184053119	5370853764	8481419980	157661551.5	0.329222568	684.8205
136	NO_ID	655.834832	2.105645825	0.306542716	1.104759492	0.723929884	0.010447789	4.959004176	0.019522297	10917314.83	0.005743689	1072340384	4734595662	8516692492	160639903	0.329291249	595.4248
137	NO_ID	740.1268184	1.355908747	0.32006492	1.093495293	0.652469646	0.011052118	7.503579715	0.022089454	16399384.76	0.006074054	1147634163	4569592314	8377429629	163009801.3	0.343627509	674.6589
138	NO_ID	526.8110829	4.724439228	0.291214965	1.157209261	0.69506901	0.010594042	8.203096378	0.019732335	8130646.261	0.004871753	1194617173	4583817431	7774361601	153922826.2	0.392960511	473.6653
139	NO_ID	318.8921513	1.559250588	0.317932628	1.001151539	0.740344879	0.010787718	9.089553483	0.021420938	5803105.632	0.00327991	1120732976	5080651096	8401552556	156063995	0.366230792	271.3284
140	NO_ID	626.7993279	1.331570755	0.270119493	1.105725261	0.757756372	0.011039289	5.427992581	0.020413922	17457515.69	0.001931455	1257446174	5425991569	8829977500	168311729.1	0.347437835	565.1238
141	NO_ID	477.6159636	4.049457205	0.281060148	1.164547325	0.761553116	0.011702246	6.03579832	0.020655837	18920650.14	0.004001706	1077225476	5465192801	8044841214	157798296.2	0.384958134	423.4559
142	NO_ID	638.7002025	4.019453902	0.289942769	1.139127135	0.751157606	0.010650034	6.717948956	0.020821703	9207888.501	0.001341199	1105974447	4976881362	8539632775	161535818.9	0.34061614	579.4414
143	NO_ID	643.5221281	5.797299674	0.313351402	1.06260063	0.642014895	0.00996614	9.816394969	0.019869204	20899346.85	0.001925483	1130400878	5294454360	8597235989	151303366.3	0.35542747	583.9724
144	NO_ID	527.173741	5.71431154	0.326145531	1.003108051	0.666163813	0.009829287	5.546385269	0.022125156	21385104.3	0.00401033	1069568426	4926689940	9152697560	164669221.9	0.367396572	472.9104
145	NO_ID	507.2862578	5.390103572	0.302694629	1.01751148	0.704399368	0.010245739	8.743566296	0.019650729	19911688.34	0.001875765	1223997757	4667239499	8430442657	152489652.2	0.38928812	453.523
146	NO_ID	416.6180914	2.778402365	0.303671592	1.141637387	0.728103783	0.011151495	8.61391503	0.021006826	11243953.5	0.006137299	1081311974	5047693150	9358570174	144701440.8	0.358753972	365.0597
147	NO_ID	303.6389032	5.735609179	0.321647984	1.127251451	0.62682652	0.01063866	7.448230688	0.023415596	6429934.133	0.00592647	1139254878	5196476572	7804624830	147914395.1	0.360952268	258.9272
148	NO_ID	370.6304979	4.06826514	0.297101029	1.037866949	0.704784815	0.009854688	6.106724441	0.019667762	13818593.44	0.004656011	1197790849	4835098192	8371605637	171845835.8	0.368634781	321.9146
149	NO_ID	589.1606746	0.530593977	0.310606374	1.113463803	0.741531624	0.011744744	6.431397925	0.019917071	17044885.2	0.006027398	1047109368	5008594642	7701365470	165472615.3	0.37612838	529.0369
150	NO_ID	388.3861521	1.309471399	0.308630698	1.041374873	0.678697533	0.011165529	5.909114303	0.020437602	19056882.13	0.001293183	1125220804	5284090497	8789304031	164810216.5	0.373101558	335.4921
151	NO_ID	539.899098	1.473018217	0.308930167	1.136613077	0.699450436	0.010032358	6.655513044	0.022753857	20393461.08	0.001967531	1110201497	5228397117	8228949698	145677282.4	0.346063501	481.1293
152	NO_ID	404.5438866	3.403100729	0.275885984	1.005508899	0.709227967	0.011270645	8.681438108	0.021183392	13426114.23	0.005907072	1245137425	4867431413	9002318887	146526305.4	0.330624593	355.2915
153	NO_ID	506.44962	1.186711759	0.27884652	0.966921148	0.700637016	0.011526675	9.637923868	0.021964574	14646633.65	0.005482706	1101671483	5390188954	8353757623	143072286.7	0.338426205	453.278
154	NO_ID	550.9852059	0.997983549	0.328385672	1.176348187	0.754901805	0.010321911	9.467971878	0.020241036	16876063.38	0.00381799	1125588788	5542708447	7926461321	164924053.9	0.331757828	491.5598
155	NO_ID	414.8527143	1.213990839	0.32207766	1.059084086	0.685734686	0.010716803	5.400305423	0.020017143	14237885.39	0.001267898	1168389153	4964193546	8148270592	172030033.9	0.336557574	362.4855
156	NO_ID	336.2307091	3.231164457	0.315441858	1.129080048	0.700232916	0.010777585	6.753717425	0.023488554	21309838.13	0.00478523	1045088238	5138638213	7763733523	146912138.5	0.357363863	281.8025
157	NO_ID	670.0238824	0.265434112	0.279976313	1.069791169	0.689378292	0.010525526	7.860648777	0.023061563	20303017.26	0.003185861	1150622023	4550081005	9132769457	152991280.1	0.362102137	605.6832
158	NO_ID	474.864036	0.470281625	0.32517546	1.175586901	0.634637904	0.010918754	6.215612815	0.021373166	11154716.01	0.003608226	1097967574	4811584540	7764909169	163126060.3	0.36412675	419.6596
159	NO_ID	662.262205	4.948728566	0.291609844	1.020523536	0.631044596	0.011542848	7.828078401	0.022343419	13736162.63	0.003734309	1098899142	5098040423	9193497210	150228957.5	0.359754005	604.0771
160	NO_ID	490.9564427	4.695333341	0.295693291	1.015116056	0.68448871	0.010572416	8.074194415	0.020760349	8053683.747	0.005446841	1216833832	4945686853	9190535132	146980825.1	0.389594008	441.4686
161	NO_ID	457.4034934	5.068556177	0.322557298	1.084232621	0.65526967	0.011729801	7.657381366	0.022735574	13984348.62	0.00389979	1192249030	5485535272	8895044329	170639354.6	0.339595068	406.4967
162	NO_ID	579.836853	3.624656059	0.293293649	1.05300707	0.668459429	0.011664864	7.751102822	0.020799934	12306234.66	0.002228093	1118277782	5033761168	9122597095	158662544	0.343762183	524.4562
163	NO_ID	345.4456396	2.390683926	0.312400784	1.15930351	0.64146171	0.010849324	5.365227694	0.023075944	14891476.28	0.003961487	1092182377	4691836759	8894667632	161617891.3	0.394476164	291.5703
165	NO_ID	418.0341659	1.521640652	0.271970865	1.165218891	0.637401168	0.011003532	9.443013232	0.022436226	20605962.37	0.005982209	1110993914	4562534290	8033844662	153995362.2	0.355563116	362.3551
166	NO_ID	349.1236733	3.434673612	0.272908887	1.039005102	0.674490615	0.011432734	6.352232279	0.023181279	17646890.52	0.004805466	1238556803	5318934245	8106935115	148491462	0.372113115	299.5537
167	NO_ID	418.8900465	5.985615224	0.30079231	1.063409671	0.76264083	0.010886446	6.845668942	0.019404111	5286505.388	0.002152306	1162104876	4903854634	8549140155	155462015.4	0.324553943	371.9377
168	NO_ID	486.9443062	5.452808467	0.273836083	1.013849456	0.64899721	0.011739603	6.347644729	0.020420512	12715199.44	0.003876181	1049135312	5456150757	9345610116	153255702.8	0.333284516	437.0123
169	NO_ID	395.7653688	3.534938584	0.28589844	1.087130232	0.744442508	0.00979777	5.801554655	0.020476543	15982663.62	0.005075206	1235648961	5515733938	8956429392	152234179.7	0.37772949	345.225
170	NO_ID	576.1723081	0.749190384	0.284980089	1.066210246	0.765497	0.011221414	5.300806415	0.020843382	6722910.423	0.003241486	1188608516	5281447094	8496940362	170005287.7	0.333528936	518.3382
171	NO_ID	703.9736159	2.138320804	0.280594917	1.081084432	0.728633363	0.011670537	5.254528519	0.022774506	17356124.98	0.004111399	1085241535	4742650182	8536578244	165345568.3	0.365959335	640.95
172	NO_ID	680.3892449	4.970770069	0.274129099	1.146291719	0.718843884	0.010011108	9.128636765	0.02334456	18212798.03	0.003623518	1068741550	5366655862	7952882339	171297128.3	0.347555876	618.7827
173	NO_ID	326.3354165	1.954050179	0.3119778	1.059363499	0.651804253	0.009862731	6.071894997	0.021919172	22273667.2	0.0037892	1130545313	4795687534	9103397240	172195818.7	0.351853068	271.1363
174	NO_ID	429.2893329	3.178465256	0.281627521	0.964161379	0.739221295	0.010074037	6.086421612	0.019814314	11770866.3	0.004412442	1147025729	5088510730	8591454368	154275209.8	0.380396234	381.1873
175	NO_ID	410.3443409	1.842964748	0.316302484	0.982807664	0.644144432	0.010633014	5.157812255	0.023618943	18777049.19	0.001829642	1165054954	4709756072	9328352244	170880015	0.387180409	359.5981
176	NO_ID	745.391388	1.413242498	0.32204435	0.97911434	0.630275098	0.011320769	8.918334744	0.019715315	20473332.87	0.005209062	1255505331	4574558594	8762211400	157171613	0.355838406	679.7794
177	NO_ID	312.4253269	3.554900772	0.269825054	1.020276462	0.723184157	0.011711378	8.064273088	0.019965011	18599677.11	0.005877388	1233178820	4634631845	8752146387	161707371.9	0.378645304	261.901
178	NO_ID	426.2508225	0.34226046	0.275712423	1.092742296	0.701267935	0.011093239	6.317387272	0.022250705	7414069.652	0.00284395	1199483790	4888659354	7725674030	161849766.4	0.367865446	373.9895
179	NO_ID	510.0917877	5.597485111	0.304534158	0.974702111	0.682158385	0.009912947	5.230740625	0.02134899	5514235.835	0.004375413	1126955331	5046126316	7863850785	164360329	0.391201809	461.6203
180	NO_ID	401.7302579	1.150317487	0.26920684	1.110574931	0.735426775	0.01144776	7.571181972	0.022373581	9857299.738	0.002466941	1224707637	5479306166	9367146817	152099130.4	0.371427751	350.0893
181	NO_ID	515.9469596	0.840053243	0.314061095	1.057887112	0.720555391	0.010443578	5.21040973	0.022812538	7144904.393	0.003219298	1207207175	4782043818	8317736256	156597880	0.36521259	461.1592
182	NO_ID	714.1005602	0.902387431	0.304948509	1.030318919	0.747793599	0.011348574	8.617688664	0.020649937	16159917.88	0.003475297	1258874237	4846999449	9209491766	164696340.2	0.372475237	648.6446
183	NO_ID	549.7287777	5.9336173	0.324490758	1.121771026	0.658836461	0.011691682	9.62289463	0.020597368	15891131.19	0.005370389	1199849757	4641997102	9059329975	167802589.8	0.325496274	492.4725
184	NO_ID	617.2269716	2.73213378	0.272346376	1.054090467	0.648193255	0.011304106	9.078175558	0.023460292	21015825.22	0.004218237	1156056463	4619067995	8731259027	166614958.7	0.392144319	558.0846
185	NO_ID	389.9108165	0.503840394	0.318671487	1.109914942	0.679742961	0.00999234	6.924426126	0.022010742	9727448.34	0.001525282	1219057632	5403085399	8035946233	159685033.6	0.373560269	338.6032
186	NO_ID	660.0228161	1.253806113	0.272848473	1.168150569	0.71593951	0.010621226	5.193258382	0.022824869	15266394.97	0.003301879	1188022026	5451065184	8778877649	159462207.9	0.382763374	598.3714
187	NO_ID	445.6134381	2.475731529	0.281383324	0.983017574	0.655647658	0.011811929	7.271418168	0.021142283	5934456.136	0.005388176	1141665164	4615496435	7791856195	170523207	0.342340798	397.3018
188	NO_ID	304.5324219	1.442618133	0.303198553	1.071427516	0.664519964	0.009742919	8.813658232	0.019640751	15482157.63	0.005192762	1151602987	5220921616	8624605238	150739859.7	0.326188105	249.8157
189	NO_ID	736.1131885	4.854213198	0.296569477	1.138384784	0.644517422	0.010199543	8.372035391	0.022445025	14955425.71	0.004497978	1158706739	5036884485	8953847064	145597477	0.341176432	672.3184
190	NO_ID	615.719887	0.102215926	0.296112153	1.154692268	0.736547734	0.010099231	6.940277913	0.019587494	13616417.36	0.002589317	1249816856	5520702086	8705319506	170117813.8	0.395924408	554.1665
191	NO_ID	335.5185618	1.528292916	0.282382345	1.148042537	0.629045222	0.010036309	9.141244793	0.02204659	20536821.69	0.004171386	1152713209	5272981290	9257211464	150632740.8	0.368494992	279.1553
192	NO_ID	574.9608876	0.742668894	0.299445661	1.126404648	0.669433639	0.011387961	5.127397308	0.021579102	17128209.81	0.005726717	1103428516	4969222830	7946051513	150948503.7	0.374485183	516.2597
193	NO_ID	672.192718	4.551576376	0.296912252	1.152973082	0.645269914	0.011408109	9.000665659	0.022656032	8395462.885	0.005790739	1099409324	4881891911	8612678850	155280823.2	0.38300594	613.3375
195	NO_ID	375.9655161	2.239024859	0.325528791	1.042190568	0.65636783	0.010949284	8.182634176	0.021514163	22299497.43	0.004418817	1037853617	5076624747	9219269989	160234659.9	0.363636454	323.1259
196	NO_ID	407.5944517	1.681623707	0.274770226	1.131753235	0.653406907	0.010549579	5.618338345	0.022231756	13500058.53	0.003783639	1186445430	4624208782	9163142585	143764352.9	0.326277677	354.6205
197	NO_ID	684.9599544	4.37497212	0.306159951	1.010077969	0.743299458	0.011360355	6.729459966	0.020728939	19096097.68	0.003165764	1048259303	4632462639	8527425577	144042178.1	0.393532461	623.693
198	NO_ID	339.4344742	0.149342211	0.307930067	1.071067736	0.646379122	0.01155425	5.167986987	0.020384786	13638801.7	0.001955925	1242432449	4672686622	9085395358	144558471.7	0.378526794	284.3689
199	NO_ID	433.3696662	2.972620322	0.301754962	1.025625174	0.745161883	0.010431474	9.550849168	0.02077984	5017216.244	0.005411241	1115688975	5053248317	9021365621	171501760.8	0.365615592	385.2712
200	NO_ID	451.7020663	5.170951694	0.314100911	0.993019852	0.764307045	0.010104612	9.302572049	0.022253255	21936158.17	0.003162179	1175012532	5551210872	8571739839	161084095.8	0.351436686	400.1995
201	NO_ID	565.6105837	5.83843444	0.277559681	1.172848562	0.722465402	0.010129138	9.554357112	0.021277625	16718397.39	0.001577755	1240938161	4806791113	8505666896	169867102.7	0.351276628	505.7516
202	NO_ID	537.8780767	4.512026697	0.307762219	1.068337638	0.639554383	0.010053495	7.809487031	0.019426282	9091784.873	0.005272433	1128915693	4683004542	8100610561	156283467.8	0.39609738	485.9507
203	NO_ID	738.3339734	3.067483782	0.270996596	1.122754299	0.676420972	0.010485368	7.290243461	0.019442165	21457963.06	0.001331445	1140895364	4680858143	8409878956	160552145.3	0.375879684	670.5055
204	NO_ID	382.6336116	4.28379475	0.294788292	1.075035669	0.762341345	0.011802274	6.515878004	0.022610942	22667350.36	0.005833437	1104172383	4911312832	9169202481	170970272.3	0.35457953	329.2681
205	NO_ID	361.3556819	5.279075986	0.309935192	1.072504803	0.701733363	0.011601504	9.685300117	0.020880356	7803939.134	0.003410498	1210422454	4705650636	7940494200	172731635.4	0.387342531	314.9189
206	NO_ID	468.3946744	0.215668095	0.281657569	1.109122825	0.685967878	0.010462176	9.067433938	0.022687003	15132886.28	0.001473059	1168809168	5351398261	8028716475	158578007.6	0.331253495	413.223
207	NO_ID	690.7025538	2.360479717	0.288635983	1.166180244	0.709835428	0.009985995	5.332040386	0.020966563	10865765.84	0.003694294	1041849224	4655802890	9033910399	154597080.4	0.376519921	629.4683
208	NO_ID	309.5925943	4.522084487	0.300159457	1.107769893	0.697840548	0.010469013	7.525533091	0.023616551	10008407.29	0.00320509	1150121249	4590994718	9350246111	150148353.9	0.328233504	259.656
209	NO_ID	363.9804371	4.48718788	0.300831476	1.070378268	0.69260999	0.01037597	6.971435169	0.020925286	20368136.1	0.002973884	1068275453	5413236045	8259276144	156161845.1	0.364616771	314.0492
210	NO_ID	406.6251575	2.660188462	0.273558338	1.112443611	0.677785587	0.010475308	6.685781089	0.020815787	19978141.49	0.001410975	1134039016	5459054669	8420793992	156034569.3	0.35199128	354.0612
211	NO_ID	580.8841856	1.658141617	0.317793312	1.046754082	0.708843136	0.011256218	9.503069362	0.019797072	15585344.52	0.001565423	1186805983	5015418732	7698855976	164201065.9	0.356095301	522.3802
212	NO_ID	652.9098022	4.913141744	0.27257501	1.142208101	0.6436744	0.009713243	9.531534504	0.022200226	15822585.35	0.002511977	1155842647	4547087162	8334512199	146431010	0.381419771	593.1838
213	NO_ID	563.3779331	3.411514576	0.315851622	1.024462671	0.679494883	0.011623252	8.094584004	0.020853603	5886343.053	0.001725537	1261345698	5369852815	8195598513	166099134.6	0.331645379	510.2976
214	NO_ID	567.3962971	2.644344915	0.28336253	1.144606809	0.718308746	0.010489757	5.451959591	0.019774898	19637590.05	0.004968604	1074227815	4649325184	8209062437	152697183.8	0.348652328	508.6632
215	NO_ID	398.8982324	0.303237854	0.304129056	1.036665025	0.730616191	0.010235079	8.585693071	0.020706138	13210164.78	0.00249196	1212144113	5129160611	7830182989	162241075.6	0.340176422	346.0879
217	NO_ID	674.1381312	0.177682327	0.29927781	1.000457606	0.737488674	0.011844754	6.60321966	0.021791959	18145596.71	0.002624385	1174134533	5334850363	8514028844	165826871.9	0.379116827	610.9449
218	NO_ID	614.7820733	5.44235681	0.279405592	1.036145498	0.662118144	0.010059356	5.287944076	0.020098412	20933313.53	0.006112672	1251373939	5188033663	8006263098	152757056.2	0.381883523	556.7068
219	NO_ID	514.2056438	4.217916172	0.309211137	1.125324377	0.757388236	0.010177137	5.457286477	0.021394942	9640387.885	0.005780189	1265053783	4658530694	8281385406	156720841.6	0.330475994	459.3015
221	NO_ID	515.0572496	1.871457114	0.284498848	1.076152501	0.689733933	0.010403395	6.143331285	0.01987777	21768957.77	0.006066918	1182581159	4714517928	8437860680	163512095.7	0.35395053	458.1125
222	NO_ID	466.9002687	5.560915387	0.315183498	1.052176068	0.69383445	0.011494611	6.805672002	0.022803349	16272063.52	0.002216987	1109449151	5277252272	7747704265	169551582.7	0.33507002	415.9275
223	NO_ID	598.5423089	4.013908863	0.320502418	1.177519356	0.652201072	0.010078347	8.706712986	0.019742218	20679116.9	0.005441011	1090187896	5232290018	9321185304	173521251.2	0.362186359	538.7873
224	NO_ID	545.4730506	5.137714152	0.318415128	1.067204064	0.713556397	0.011021476	5.361312907	0.022128521	7519296.917	0.004838808	1083038389	5375167453	8920469509	148527608.4	0.367773327	493.781
225	NO_ID	464.7366764	5.001266286	0.273211597	1.103994398	0.739587925	0.010016144	6.47321271	0.020517212	10287969.74	0.001517416	1077041275	5122885673	9289231459	169221812.7	0.356935008	414.7492
226	NO_ID	479.1091707	2.121368261	0.326893482	1.09060352	0.688582434	0.010354141	5.494465865	0.019969403	14356678.49	0.003416986	1095117671	4917317256	8396419008	168110621.9	0.394729455	425.7716
227	NO_ID	677.7733439	2.211580785	0.289471287	1.163273734	0.731399838	0.010563689	9.718473438	0.020027129	5137047.632	0.004674371	1126602925	5461198780	8565450459	163840449.5	0.384221696	614.203
228	NO_ID	531.5854545	0.64677723	0.318224085	1.107041491	0.681743364	0.011282154	7.600594594	0.019708828	18078267.65	0.0053408	1253683221	5419570603	8142860265	155058345.9	0.391416418	473.7725
229	NO_ID	727.1297097	1.618508635	0.286004089	0.967627827	0.639986755	0.010980407	8.661044035	0.023260767	9304825.006	0.005015867	1226538286	5544680769	9176190514	167897024.8	0.356581916	666.107
230	NO_ID	709.8940123	2.618700327	0.295614834	1.004727324	0.750797029	0.011577754	8.574455694	0.02022303	7648587.788	0.004048786	1216113754	5212744054	9069128368	148245379.8	0.325608897	647.9481
231	NO_ID	509.4336622	0.283372913	0.315278377	0.995400158	0.643340338	0.010925673	8.537243669	0.021118776	16544244.97	0.004590783	1134782837	5446020176	9201062301	166871495.2	0.348895742	453.7277
232	NO_ID	301.3814712	5.422076867	0.285379471	1.015638492	0.717405311	0.010655298	6.128012554	0.022321787	12772661.76	0.006093964	1089022653	4725140692	8697235685	147037428.8	0.349500505	254.9764
234	NO_ID	461.3119758	5.34271078	0.286304392	1.061517761	0.631981594	0.011774291	9.40526495	0.022081617	15404526.96	0.001745386	1230713373	4931774844	7848227896	143641157.5	0.383932985	411.6148
235	NO_ID	371.5356408	4.606854881	0.287433461	1.142942649	0.710627323	0.010576176	5.981920026	0.019996114	13774876	0.003075588	1148815650	4894920569	7854957982	169673664.3	0.380681692	321.6029
236	NO_ID	519.4169624	3.668062545	0.270507088	0.977695924	0.655983305	0.010149521	5.864031153	0.020359979	4849893.332	0.005425024	1082039091	5362365199	7954891100	162511255.7	0.343070852	471.3643
237	NO_ID	368.8188077	0.316128722	0.270363885	1.169166838	0.726484533	0.01008358	9.649049897	0.022028833	16501656.3	0.001703166	1047380486	4863800189	7993728101	173387854.1	0.342020145	311.1498
238	NO_ID	501.7391861	3.336314899	0.307091212	1.118925037	0.706583531	0.010879139	7.32932342	0.021676106	9504617.902	0.004636009	1253115729	5021189780	7718093933	151947848.3	0.361350784	448.9751
239	NO_ID	552.1574909	2.994929151	0.324906343	1.119983181	0.683763494	0.011717578	5.817175677	0.022991498	6974312.448	0.002857601	1244344487	4637028426	8808772427	167584064.3	0.363863761	496.7302
240	NO_ID	723.946974	1.097602919	0.300006484	0.980566642	0.706160355	0.011241706	8.157108385	0.021813857	11080171.6	0.004277221	1044741759	4662565848	8472891074	157362204.4	0.375786229	661.8733
241	NO_ID	353.7770204	1.068344963	0.292760846	1.112034819	0.7471872	0.009918973	7.785112183	0.023449593	16033376.43	0.00212545	1206613819	4929746127	7907655017	149583157.6	0.33787191	298.5653
242	NO_ID	720.5851306	5.472891519	0.321481118	0.985976594	0.72397574	0.010006782	8.519688989	0.022354673	5384212.534	0.002487393	1074442841	5261020210	8783600151	156810105.5	0.332829148	660.974
243	NO_ID	562.1163713	5.849821498	0.317344169	1.100656214	0.759029402	0.010698485	9.282406651	0.021529742	20765440.49	0.003057609	1235591679	4593964716	8053703472	151136938.8	0.345446482	502.4904
244	NO_ID	522.7862209	5.786593988	0.323601023	0.987433498	0.629832819	0.00990364	5.012724919	0.02309277	18882623.19	0.001806511	1057727697	4872666514	8342543999	169043913.8	0.33725916	469.8777
245	NO_ID	744.0420256	0.065610298	0.314926806	1.128238883	0.633587947	0.010797506	7.723650837	0.021982797	9442663.118	0.003441205	1262037854	5040371122	8745447349	168065021.5	0.331007464	677.8293
246	NO_ID	675.2379406	2.706892844	0.304645261	1.10660648	0.640467895	0.011687687	7.132027861	0.023513336	8171086.844	0.004036772	1174645022	5335612718	8615589517	143876214.9	0.36107846	617.037
247	NO_ID	558.0956111	4.462188871	0.280831415	1.014773766	0.659773562	0.009763442	7.051176355	0.022163119	16676298.48	0.00233422	1163078157	5510506610	8821189809	147515299.3	0.395122892	504.7073
248	NO_ID	504.1352161	1.73979476	0.328863946	1.169961686	0.684927926	0.010382971	5.959741291	0.02319521	13138233.38	0.005498115	1159948762	5508023131	8977742993	151692684.7	0.352998834	448.7908
249	NO_ID	637.04527	3.09237583	0.283100971	1.108552451	0.654346082	0.011130339	6.675376176	0.020368933	15338013.44	0.00358617	1185140829	5003868019	7684188018	150907831.1	0.35773893	578.4152
250	NO_ID	425.1099957	1.454873034	0.277390668	1.137155274	0.715339359	0.011311106	6.98077129	0.020942595	7986108.079	0.001433359	1084793105	4899410762	8252118986	171034663.1	0.332458336	373.7045
251	NO_ID	409.1449935	1.89441789	0.294217802	1.049437528	0.63291481	0.010614967	9.337015347	0.019472213	18374948.53	0.003514204	1108088744	5512581549	8706369272	157879529.2	0.369874267	358.0626
252	NO_ID	710.6995559	4.661726478	0.309699211	0.987894383	0.637109573	0.01062725	8.221723846	0.022155254	22428216.66	0.005772561	1263924909	4890246487	8063730083	171204751.4	0.359917788	647.3103
253	NO_ID	397.3688906	3.950971767	0.292159529	1.003661201	0.740781487	0.011461116	7.685227691	0.022672369	22756936.68	0.004186655	1065193854	5158804037	7709296791	143126401.7	0.325951175	347.1363
254	NO_ID	498.7074258	5.391575716	0.313804598	1.021279355	0.724961309	0.010527518	8.289675338	0.019680089	10454599.63	0.001979919	1054564679	5177958895	8239148428	162136467.3	0.358392459	448.4406
255	NO_ID	738.7422524	5.321180612	0.319275872	1.084897843	0.742865707	0.009734698	5.24591249	0.0227151	22180435.78	0.005117623	1096460171	4676737350	8278138306	168681160.5	0.389094129	673.2047
256	NO_ID	652.8302999	3.902647819	0.307047306	1.034899685	0.732684584	0.010132943	8.168022166	0.020693256	23024487.17	0.005136694	1055787576	5065556113	8118244083	148133079.6	0.350564974	592.289
257	NO_ID	632.012324	3.850168993	0.326773699	1.157822352	0.673912641	0.011103441	5.078750753	0.022579285	5742903.363	0.002099989	1083934850	4761558389	7960606787	162276424.7	0.350746649	575.121
258	NO_ID	741.75283	0.627656579	0.307269032	0.994892816	0.703472528	0.010815089	6.895096222	0.021490241	8853065.626	0.003937708	1211412870	4800988712	7785481427	172378039.2	0.370852443	678.0181
259	NO_ID	637.391114	4.260332467	0.283892087	1.073117583	0.638410674	0.011827343	8.896498566	0.021417362	16967612.43	0.004978052	1116373050	5546848467	8156944401	148968733	0.334768574	580.1792
260	NO_ID	497.4935053	5.60212516	0.311276897	1.033448038	0.760220482	0.01060223	4.940066267	0.021755634	17581307.22	0.005027158	1203838390	5300943597	8742478441	172985759.3	0.339216627	443.4632
261	NO_ID	684.2138128	3.455669637	0.275965041	1.120811505	0.72926809	0.01065827	5.787126331	0.02093194	11288649.29	0.005283502	1218524304	4885829304	8624326530	169389908.2	0.3275294	621.0249
262	NO_ID	628.2188744	2.796038106	0.302049773	1.149759789	0.678901952	0.011087505	5.720606613	0.022978495	6858799.568	0.001452256	1122090737	4796311523	8930466660	159925687.8	0.346416521	570.636
263	NO_ID	350.3806768	0.119897763	0.323126108	1.024211126	0.645941038	0.009838426	8.034401847	0.021680396	15181158.03	0.004243712	1165591548	5198338883	7975521913	149172490.2	0.365569956	297.1049
264	NO_ID	541.6127648	0.647933021	0.314641787	1.038320941	0.69988423	0.00999594	6.773986425	0.020310311	19447105.1	0.003837609	1176603499	5030081003	8737092146	166681188.9	0.328083054	483.1412
265	NO_ID	484.0649195	2.003862191	0.280918305	0.973571131	0.701985965	0.010496395	6.388596166	0.022309976	4813528.827	0.00451372	1117963558	4962306674	8485945534	153367280.3	0.393113291	435.2173
266	NO_ID	707.8796738	2.417622612	0.287039627	1.027864199	0.704961191	0.011789827	9.396583567	0.021808695	9397523.403	0.005689318	1053000076	4921567367	9246694470	143355644.1	0.394941299	648.0342
267	NO_ID	620.8740312	5.26085926	0.309421615	0.999046888	0.749661704	0.011137434	5.779300428	0.022936279	11575434.1	0.004945871	1214157561	5255575922	8298386204	165151806.6	0.392650662	564.0861
268	NO_ID	650.3284241	4.828682039	0.27669232	1.067393843	0.6672416	0.010913031	9.507941329	0.023542661	10502996.92	0.005651416	1099828663	4648303262	7740549920	173777544.1	0.373603532	591.9187
269	NO_ID	505.4385951	0.025522408	0.298518051	1.158932509	0.667864578	0.011762358	6.305662902	0.023159995	10703488.28	0.002295773	1100615626	5400315299	8660295403	149346161.5	0.390098379	449.7591
270	NO_ID	491.5495166	2.059740099	0.327116762	1.150295733	0.661965841	0.011454176	9.204233631	0.021188141	18347510.55	0.001359321	1229924500	4991837642	8327862271	166231952.4	0.372396742	434.8615
271	NO_ID	469.1668233	4.755025964	0.316694563	0.976539662	0.67136576	0.011502194	8.448059997	0.02302244	14753646.74	0.002031648	1181314260	5224299876	8182296365	155590287.9	0.362905961	419.9612
272	NO_ID	495.7780683	3.206712532	0.325735301	1.101755275	0.667711728	0.010230448	6.259958514	0.023141548	6004935.834	0.003657607	1127842849	5323210438	7967004153	146039408.9	0.366473718	446.44
273	NO_ID	586.0870317	5.513844817	0.284152807	1.074045259	0.755612334	0.011171871	7.941569058	0.02033791	10713556.7	0.004862392	1264692624	5202931378	8491978683	158018440.6	0.370058361	529.4822
274	NO_ID	659.5175749	4.126957272	0.324713886	1.07712334	0.755853727	0.010276011	9.112951447	0.023285595	17533365.42	0.003669257	1057170342	5124546523	8975774146	145839245.7	0.341003868	598.2084
276	NO_ID	333.674795	2.019531461	0.318875318	1.032291098	0.763857373	0.011009189	5.838475543	0.021014747	22623800.63	0.005562475	1189756212	5166927256	8936018677	143274225.5	0.348069624	278.9809
277	NO_ID	330.0073702	2.810994897	0.287588127	1.097661318	0.716006232	0.010405289	7.3697457	0.023527933	5009193.781	0.003360155	1039968604	4717893390	9056590691	161921187	0.345894603	282.3692
278	NO_ID	595.5748884	0.859398962	0.286535517	1.080220042	0.690763711	0.010456324	8.930437338	0.020603922	14282631.79	0.002182778	1037073372	5264445542	9333717546	168695802.1	0.386362178	537.2621
279	NO_ID	338.5477152	4.423198403	0.276772557	1.078386533	0.706863437	0.010962197	9.704180959	0.022378021	5364333.698	0.00257263	1154246688	5164005132	9223152202	159373309.8	0.390998755	293.803
280	NO_ID	598.5756094	2.838057495	0.32428015	1.045387598	0.730082707	0.009790258	5.550900659	0.019382544	8571422.435	0.00524026	1113994574	4898111363	8268205749	143423187.5	0.331426766	542.9566
282	NO_ID	536.9044979	4.576019597	0.279176371	1.121235384	0.675986915	0.010559859	6.005540384	0.019750997	7705658.765	0.002832097	1169584820	4992512210	8993742183	165070745.7	0.37019183	483.713
283	NO_ID	328.0470901	2.843418164	0.292881965	1.044634416	0.65376912	0.011823687	6.564621593	0.023050939	19735198.93	0.003831255	1167082459	5019996225	7892552001	157115834.7	0.383441048	276.0664
284	NO_ID	434.6481138	0.602606641	0.317136187	1.041981716	0.634196701	0.011277289	5.531165194	0.019943068	19761384.66	0.003647344	1067039751	5169293291	8459970394	153488923.9	0.38220003	380.9181
285	NO_ID	697.0512769	1.027539587	0.2920611	0.968459058	0.745944559	0.009866919	5.935150184	0.022415828	13333536.39	0.003325539	1193625238	4873433632	9005342732	173440539.4	0.337927057	633.7993
286	NO_ID	325.5759693	0.981672032	0.304329562	1.057051967	0.695443874	0.010417078	9.764896861	0.022763526	5127766.921	0.001638122	1112113685	4727719406	7752849775	160671916.9	0.358690682	276.6087
287	NO_ID	705.444053	4.569081553	0.290514759	1.131887984	0.628227679	0.009951463	6.620127647	0.022546427	13556944.84	0.003244475	1124464256	5409222307	9016779354	158870229.7	0.385172103	644.8625
288	NO_ID	361.4854005	2.047835948	0.303479881	1.16088313	0.749454278	0.010287217	7.834598487	0.020906908	19354823.37	0.002707947	1050319799	5448029692	8726045198	167190112.9	0.391691938	305.6453
289	NO_ID	394.4402763	3.506489039	0.302145254	1.091487172	0.734532954	0.010048265	5.591209088	0.023290502	18060539.96	0.001676643	1220592041	4773292472	8581105433	169783038.8	0.379543782	341.7592
290	NO_ID	348.0178933	5.899184759	0.277697611	1.043506986	0.722787864	0.010337885	7.887509472	0.02222321	14619933.87	0.003701171	1258016646	5423792689	9078827722	150458600	0.392407679	301.1642
291	NO_ID	669.5106923	0.043950793	0.302705713	1.018018131	0.663764461	0.011708598	6.848455177	0.022553832	17896913.95	0.004924133	1079996181	4738913353	9155141568	164552997.1	0.390294444	606.2735
292	NO_ID	590.1607291	2.516200957	0.290053405	0.972191466	0.725377133	0.010255382	8.279425528	0.022035537	7605099.676	0.002906191	1231778330	4820880637	7710438777	155005519.2	0.353771204	535.1616
293	NO_ID	715.0741806	5.18311156	0.297695076	1.016694428	0.686873586	0.010424448	7.101004751	0.021955672	11691191.41	0.003377503	1157223093	5382865143	8646891650	168949629.5	0.349777496	654.4008
294	NO_ID	307.1038348	5.528421822	0.320556351	1.065839824	0.714540502	0.011393709	6.189293436	0.019819829	11370069.66	0.001393082	1119047929	4688820176	8914133800	147585368.4	0.36505102	259.0047
295	NO_ID	694.1877347	2.674077149	0.271081046	1.081613447	0.716890061	0.009698656	6.527892061	0.021233765	9124963.715	0.001249061	1208322967	4643707464	8967253748	153693182.9	0.38955062	632.7706
296	NO_ID	544.0624386	1.584097488	0.310484351	0.970505124	0.672028813	0.01050294	9.475646567	0.021624623	14209041.57	0.005113484	1102435556	4838971065	8558887156	162369456.5	0.347868186	489.0459
297	NO_ID	438.932728	4.918441251	0.312962099	1.04816212	0.730314015	0.010190738	9.413313524	0.021076802	6369545.264	0.001623715	1182229276	4974699586	8599339017	155164656.6	0.356782567	391.7859
298	NO_ID	437.9353441	3.281730283	0.321246536	1.097163455	0.671191383	0.011682736	5.687046346	0.02073825	11892209.88	0.003039091	1178588804	4831372363	9089997970	172542454.4	0.372787525	386.679
299	NO_ID	463.4740315	5.248987137	0.282020906	1.043116101	0.7118906	0.01178215	7.249580271	0.020450163	11319015.05	0.005063176	1137549023	5073315014	8115131789	170243214.5	0.359307912	413.606
300	NO_ID	331.7109787	3.296813478	0.311005084	1.087822346	0.70371688	0.011517806	4.991486595	0.021761595	15755820.12	0.00468161	1226001575	4813931791	8860336190	152140092.5	0.36260243	279.0979
301	NO_ID	730.4518236	0.432909118	0.278165564	0.975246285	0.71816427	0.010975744	8.436534127	0.020154892	18480455.12	0.004345274	1172849320	5096701295	8680483341	166913675.3	0.349864175	664.7586
302	NO_ID	607.8609258	0.569222816	0.274967736	0.971360669	0.690784308	0.010833006	8.258553287	0.02289658	19829607.76	0.004601613	1170958990	5070634659	8960739977	158792530.8	0.337096323	547.4291
303	NO_ID	455.8224377	4.149372508	0.317005233	1.16278092	0.692008076	0.011610518	9.583130021	0.022176007	10989616.76	0.005666655	1087956271	5118504365	8845932178	146281280.7	0.384433233	404.9567
304	NO_ID	635.6339964	5.026808804	0.325350022	1.018872587	0.744265725	0.011645944	7.348534986	0.02251008	9801006.302	0.004569409	1063472538	4822350898	9271900382	168226366.4	0.370786924	577.2886
305	NO_ID	430.6682148	2.753338576	0.296029518	1.098382418	0.707642426	0.010868977	8.33974615	0.020621707	5629924.042	0.002939048	1209324786	5278500223	9316729764	149932710.3	0.393836557	382.0379

306	NO_ID	379.8084039	3.013257607	0.292382166	1.123133318	0.753381471	0.010368914	5.575867463	0.020471962	8871138.586	0.004729817	1070171331	5435453258	8014363584	154645130.9	0.393452909	331.813
307	NO_ID	440.8927584	0.012394764	0.279552201	1.03107744	0.746882915	0.010679173	5.276592148	0.019887484	18549804.85	0.002074024	1208804130	5133003860	8165259411	165643368.7	0.378828982	385.7425
308	NO_ID	602.9759773	4.103721087	0.308520994	0.971691276	0.759629928	0.011483625	9.787912325	0.021875884	12931248.27	0.00254008	1072000492	4769212649	8011062647	170426018.5	0.37936254	546.0877
309	NO_ID	716.997274	1.503760707	0.31165901	1.084972005	0.64871344	0.009784716	6.949155035	0.021932904	6812352.718	0.003724106	1114419850	5177557889	8755020341	163945857.9	0.345655818	656.0972
310	NO_ID	383.4406341	5.66476708	0.309126834	1.055729636	0.727184376	0.01118451	8.978957679	0.022784005	21930044.24	0.004901525	1234738827	5146262626	9293510171	169126290.7	0.339947333	331.7641
311	NO_ID	329.6848328	1.921206612	0.316156938	1.146834921	0.647040535	0.011292311	7.983717292	0.021286588	12134735.97	0.005704193	1260536069	5111296236	8206548457	162641415.8	0.32782219	275.2074
312	NO_ID	480.8173411	3.562238737	0.274588028	0.985402024	0.740026786	0.011013238	4.946955352	0.021039113	23261175.06	0.002983948	1052256685	5443396885	9303887084	173166522.3	0.326965198	427.5821
313	NO_ID	695.1881318	1.179683413	0.321733749	1.012787239	0.681365062	0.00995503	6.871105419	0.023671939	21836582.18	0.005360483	1179418820	5052415813	8711467356	161980468	0.329585586	631.1931
314	NO_ID	712.4577887	3.702889506	0.301660592	0.992311991	0.653166903	0.009776722	6.571348139	0.020050302	12046042.25	0.005173779	1060648500	5213651237	7756207438	167765165.6	0.380600099	653.669
315	NO_ID	612.6086041	2.941200782	0.288235325	1.133208296	0.742271872	0.010906947	8.642821431	0.022286044	19924621.06	0.001799974	1249376404	5307550979	8202243034	142577161.9	0.395706922	550.7453
1	NO_ID	517.5817136	1.64169676	0.324583066	1.136227713	0.675252858	0.010922357	7.329075845	0.019381408	7020144.023	0.002295457	1152593302	4642830961	8402270236	167645284.6	0.374303583	462.9103
2	NO_ID	727.6398273	3.518085975	0.298183262	1.040456793	0.737907839	0.009925728	7.940345845	0.023023	22454428.76	0.005245355	1126629036	5337040028	8826994883	157837730.6	0.330098321	662.8163
1   NO_ID   315         5.75        0.2987      1.071       0.6963      0.01077     7.3875      0.02152     21240000    0.00559     1152000000  5048000000  8519000000  158100000   0.3602      264.0679 
2   NO_ID   401         4.5         0.2987      1.071       0.6963      0.01077     7.3875      0.02152     21240000    0.00559     1152000000  5048000000  8519000000  158100000   0.3602      349.6115 
3   NO_ID   434         4.25        0.2987      1.071       0.6963      0.01077     7.3875      0.02152     21240000    0.00559     1152000000  5048000000  8519000000  158100000   0.3602      381.6797 
4   NO_ID   607         1.75        0.2987      1.071       0.6963      0.01077     7.3875      0.02152     21240000    0.00559     1152000000  5048000000  8519000000  158100000   0.3602      546.5948 
5   NO_ID   746         4           0.2987      1.071       0.6963      0.01077     7.3875      0.02152     21240000    0.00559     1152000000  5048000000  8519000000  158100000   0.3602      680.7053 